0.34355678 -0.00048921 4412.48321228
0.44656572 -0.00127038 2208.67391693
0.56429023 -0.00214920 1649.70225299
0.64154694 -0.00293038 1375.57528623
0.72248254 -0.00351626 1291.00000569
0.82917038 -0.00419979 1240.49801270
0.88435374 -0.00459037 1210.48160072
0.95057378 -0.00517625 1153.85292594
1.00207825 -0.00546919 1151.22044344
1.08301385 -0.00615272 1105.97860943
1.16394945 -0.00703154 1040.07231453
1.24120616 -0.00771507 1010.84349302
1.30742620 -0.00859389 955.88855455
1.36628845 -0.00937506 915.68944779
1.42515071 -0.00986329 907.85995358
1.48401296 -0.01044917 892.35110788
1.52080187 -0.01093741 873.65107139
