0.65258361 -0.00175862 2331.54618397
0.71512476 -0.00205156 2190.16815732
0.91746376 -0.00293038 1967.18337441
1.21913281 -0.00439508 1742.86642320
1.52080187 -0.00625037 1528.78629021
1.59437969 -0.00654331 1530.99624537
1.66059972 -0.00693389 1504.76222752
1.72681976 -0.00742213 1461.83488354
1.83718649 -0.00800801 1441.47961360
1.90708541 -0.00820330 1460.70130650
1.99169991 -0.00849624 1472.91267794
2.08735107 -0.00878918 1492.19990647
2.17196556 -0.00917977 1486.62353134
2.27497451 -0.00976565 1463.71070184
