2.313231197771589975e-01 3.271859539685941400e+03
2.575857460397852905e-01 3.136118179198598682e+03
2.838483723024115557e-01 2.983409148650337556e+03
3.101109985650378209e-01 2.779797107919323480e+03
3.363736248276640861e-01 2.576185067188308949e+03
3.626362510902903513e-01 2.372573026457294418e+03
3.888988773529166165e-01 2.185928655787197840e+03
4.151615036155429372e-01 1.999284285117101263e+03
4.414241298781691469e-01 1.863542924629758318e+03
4.676867561407954677e-01 1.744769234203333099e+03
4.939493824034216773e-01 1.659930883898743787e+03
5.202120086660479981e-01 1.592060203655072200e+03
5.464746349286743188e-01 1.524189523411400842e+03
5.727372611913005285e-01 1.490254183289564935e+03
5.989998874539268492e-01 1.456318843167729483e+03
6.252625137165530589e-01 1.422383503045893576e+03
6.515251399791793796e-01 1.405415832984975623e+03
6.777877662418055893e-01 1.388448162924057897e+03
7.040503925044319100e-01 1.371480492863139943e+03
7.303130187670581197e-01 1.354512822802222217e+03
7.565756450296844404e-01 1.337545152741304264e+03
7.828382712923107611e-01 1.320577482680386311e+03
8.091008975549369708e-01 1.303609812619468357e+03
8.353635238175632916e-01 1.286642142558550631e+03
8.616261500801896123e-01 1.286642142558550631e+03
8.878887763428158220e-01 1.269674472497632905e+03
9.141514026054421427e-01 1.252706802436714952e+03
9.404140288680683524e-01 1.235739132375796999e+03
9.666766551306946731e-01 1.218771462314879045e+03
9.929392813933208828e-01 1.201803792253961092e+03
1.019201907655947092e+00 1.201803792253961092e+03
1.045464533918573302e+00 1.184836122193043366e+03
1.071727160181199734e+00 1.150900782071207686e+03
1.097989786443825944e+00 1.133933112010289733e+03
1.124252412706452153e+00 1.116965441949371780e+03
1.150515038969078585e+00 1.099997771888454054e+03
1.176777665231704795e+00 1.083030101827536100e+03
1.203040291494331004e+00 1.066062431766618374e+03
1.229302917756957214e+00 1.049094761705700421e+03
1.255565544019583646e+00 1.015159421583864741e+03
1.281828170282209856e+00 9.981917515229467881e+02
1.308090796544836287e+00 9.812240814620289484e+02
1.334353422807462497e+00 9.642564114011111087e+02
1.360616049070088707e+00 9.472887413401931553e+02
1.386878675332714916e+00 9.472887413401931553e+02
1.413141301595341348e+00 9.303210712792753156e+02
1.439403927857967558e+00 9.133534012183574760e+02
1.465666554120593768e+00 9.133534012183574760e+02
1.491929180383220199e+00 8.963857311574395226e+02
1.518191806645846409e+00 8.794180610965216829e+02
1.544454432908472619e+00 8.794180610965216829e+02
1.570717059171098828e+00 8.624503910356038432e+02
1.596979685433725260e+00 8.624503910356038432e+02
1.623242311696351470e+00 8.624503910356038432e+02
1.649504937958977679e+00 8.454827209746858898e+02
1.675767564221603889e+00 8.454827209746858898e+02
1.702030190484230321e+00 8.454827209746858898e+02
1.728292816746856531e+00 8.285150509137680501e+02
1.754555443009482740e+00 8.285150509137680501e+02
1.780818069272109172e+00 8.285150509137680501e+02
1.807080695534735382e+00 8.115473808528502104e+02
1.833343321797361591e+00 8.115473808528502104e+02
1.859605948059987801e+00 8.115473808528502104e+02
1.885868574322614233e+00 8.115473808528502104e+02
1.912131200585240443e+00 8.115473808528502104e+02
1.938393826847866652e+00 7.945797107919323707e+02
1.964656453110493084e+00 7.945797107919323707e+02
1.990919079373119294e+00 7.945797107919323707e+02
2.017181705635745281e+00 7.945797107919323707e+02
2.043444331898371491e+00 7.945797107919323707e+02
2.069706958160998145e+00 7.776120407310145310e+02
2.095969584423624354e+00 7.776120407310145310e+02
2.122232210686250564e+00 7.776120407310145310e+02
2.148494836948876774e+00 7.776120407310145310e+02
2.174757463211502984e+00 7.776120407310145310e+02
2.201020089474129193e+00 7.776120407310145310e+02
2.227282715736755403e+00 7.776120407310145310e+02
2.253545341999382057e+00 7.606443706700965777e+02
2.279807968262008266e+00 7.606443706700965777e+02
2.306070594524634476e+00 7.606443706700965777e+02
2.332333220787260686e+00 7.606443706700965777e+02
2.358595847049886896e+00 7.606443706700965777e+02
2.384858473312513549e+00 7.606443706700965777e+02
2.411121099575139759e+00 7.606443706700965777e+02
2.437383725837765969e+00 7.606443706700965777e+02
2.463646352100392178e+00 7.436767006091787380e+02
2.489908978363018388e+00 7.436767006091787380e+02
2.516171604625644598e+00 7.436767006091787380e+02
2.542434230888270807e+00 7.436767006091787380e+02
2.568696857150897461e+00 7.436767006091787380e+02
2.594959483413523671e+00 7.436767006091787380e+02
2.621222109676149881e+00 7.436767006091787380e+02
2.647484735938776090e+00 7.436767006091787380e+02
2.673747362201402300e+00 7.267090305482608983e+02
2.700009988464028510e+00 7.267090305482608983e+02
2.726272614726654719e+00 7.267090305482608983e+02
2.752535240989281373e+00 7.267090305482608983e+02
2.778797867251907583e+00 7.267090305482608983e+02
2.805060493514533793e+00 7.267090305482608983e+02
2.831323119777160002e+00 7.267090305482608983e+02
