5.202120086660479981e-01 3.950566342122656351e+03
5.464746349286743188e-01 3.933598672061738398e+03
5.727372611913005285e-01 3.899663331939902946e+03
5.989998874539268492e-01 3.865727991818067039e+03
6.252625137165530589e-01 3.848760321757149086e+03
6.515251399791793796e-01 3.814824981635313634e+03
6.777877662418055893e-01 3.780889641513477727e+03
7.040503925044319100e-01 3.746954301391641820e+03
7.303130187670581197e-01 3.696051291208888415e+03
7.565756450296844404e-01 3.662115951087052508e+03
7.828382712923107611e-01 3.611212940904299103e+03
8.091008975549369708e-01 3.543342260660627744e+03
8.353635238175632916e-01 3.475471580416955931e+03
8.616261500801896123e-01 3.373665560051448665e+03
8.878887763428158220e-01 3.288827209746859353e+03
9.141514026054421427e-01 3.187021189381352087e+03
9.404140288680683524e-01 3.085215169015844822e+03
9.666766551306946731e-01 3.000376818711255510e+03
9.929392813933208828e-01 2.915538468406666198e+03
1.019201907655947092e+00 2.830700118102076885e+03
1.045464533918573302e+00 2.762829437858405527e+03
1.071727160181199734e+00 2.677991087553816214e+03
1.097989786443825944e+00 2.610120407310144401e+03
1.124252412706452153e+00 2.542249727066473042e+03
1.150515038969078585e+00 2.474379046822801683e+03
1.176777665231704795e+00 2.406508366579129870e+03
1.203040291494331004e+00 2.321670016274541013e+03
1.229302917756957214e+00 2.253799336030869199e+03
1.255565544019583646e+00 2.185928655787197840e+03
1.281828170282209856e+00 2.135025645604444435e+03
1.308090796544836287e+00 2.084122635421690575e+03
1.334353422807462497e+00 2.033219625238936942e+03
1.360616049070088707e+00 1.999284285117101263e+03
1.386878675332714916e+00 1.965348944995265583e+03
1.413141301595341348e+00 1.931413604873429676e+03
1.439403927857967558e+00 1.897478264751593997e+03
1.465666554120593768e+00 1.863542924629758318e+03
1.491929180383220199e+00 1.846575254568840364e+03
1.518191806645846409e+00 1.829607584507922411e+03
1.544454432908472619e+00 1.812639914447004685e+03
1.570717059171098828e+00 1.795672244386086732e+03
1.596979685433725260e+00 1.778704574325168778e+03
1.623242311696351470e+00 1.761736904264251052e+03
1.649504937958977679e+00 1.744769234203333099e+03
1.675767564221603889e+00 1.727801564142415373e+03
1.702030190484230321e+00 1.727801564142415373e+03
1.728292816746856531e+00 1.710833894081497419e+03
1.754555443009482740e+00 1.693866224020579466e+03
1.780818069272109172e+00 1.693866224020579466e+03
1.807080695534735382e+00 1.676898553959661740e+03
1.833343321797361591e+00 1.659930883898743787e+03
1.859605948059987801e+00 1.659930883898743787e+03
1.885868574322614233e+00 1.642963213837825833e+03
1.912131200585240443e+00 1.642963213837825833e+03
1.938393826847866652e+00 1.625995543776908107e+03
1.964656453110493084e+00 1.625995543776908107e+03
1.990919079373119294e+00 1.609027873715990154e+03
2.017181705635745281e+00 1.609027873715990154e+03
2.043444331898371491e+00 1.592060203655072200e+03
2.069706958160998145e+00 1.592060203655072200e+03
2.095969584423624354e+00 1.575092533594154474e+03
2.122232210686250564e+00 1.575092533594154474e+03
2.148494836948876774e+00 1.575092533594154474e+03
2.174757463211502984e+00 1.558124863533236521e+03
2.201020089474129193e+00 1.558124863533236521e+03
2.227282715736755403e+00 1.541157193472318795e+03
2.253545341999382057e+00 1.541157193472318795e+03
2.279807968262008266e+00 1.541157193472318795e+03
2.306070594524634476e+00 1.524189523411400842e+03
2.332333220787260686e+00 1.524189523411400842e+03
2.358595847049886896e+00 1.507221853350482888e+03
2.384858473312513549e+00 1.507221853350482888e+03
2.411121099575139759e+00 1.507221853350482888e+03
2.437383725837765969e+00 1.490254183289564935e+03
2.463646352100392178e+00 1.490254183289564935e+03
2.489908978363018388e+00 1.473286513228647209e+03
2.516171604625644598e+00 1.473286513228647209e+03
2.542434230888270807e+00 1.473286513228647209e+03
2.568696857150897461e+00 1.456318843167729483e+03
2.594959483413523671e+00 1.456318843167729483e+03
2.621222109676149881e+00 1.456318843167729483e+03
2.647484735938776090e+00 1.439351173106811530e+03
2.673747362201402300e+00 1.439351173106811530e+03
2.700009988464028510e+00 1.439351173106811530e+03
2.726272614726654719e+00 1.422383503045893576e+03
2.752535240989281373e+00 1.422383503045893576e+03
2.778797867251907583e+00 1.405415832984975623e+03
2.805060493514533793e+00 1.405415832984975623e+03
2.831323119777160002e+00 1.388448162924057897e+03
