0.10 372.22
0.60 369.70
1.10 367.17
1.60 367.17
2.10 364.65
2.60 362.12
3.10 359.60
3.60 357.07
4.10 357.07
4.60 354.55
5.10 352.02
5.60 352.02
6.10 349.49
6.60 346.97
7.10 346.97
7.60 344.44
8.10 344.44
8.60 341.92
9.10 339.39
9.60 339.39
10.10 336.87
10.60 334.34
11.10 334.34
11.60 331.82
12.10 329.29
12.60 326.77
13.10 324.24
13.60 319.19
14.10 314.14
14.60 309.09
15.10 301.52
15.60 293.94
16.10 286.36
16.60 278.79
17.10 268.69
17.60 261.11
18.10 251.01
18.60 245.96
19.10 238.38
19.60 233.33
20.10 228.28
20.60 223.23
21.10 220.71
21.60 218.18
22.10 213.13
22.60 213.13
23.10 210.61
23.60 208.08
24.10 205.56
24.60 205.56
25.10 203.03
25.60 203.03
26.10 200.51
26.60 200.51
27.10 197.98
27.60 197.98
28.10 197.98
28.60 197.98
29.10 195.45
29.60 195.45
30.10 195.45
30.60 195.45
31.10 195.45
31.60 192.93
32.10 192.93
32.60 192.93
33.10 192.93
33.60 192.93
34.10 192.93
34.60 192.93
35.10 192.93
35.60 192.93
36.10 190.40
36.60 190.40
37.10 190.40
37.60 190.40
38.10 190.40
38.60 190.40
39.10 190.40
39.60 190.40
40.10 190.40
40.60 190.40
41.10 190.40
41.60 190.40
42.10 190.40
42.60 190.40
43.10 190.40
43.60 190.40
44.10 190.40
44.60 190.40
45.10 190.40
45.60 190.40
46.10 190.40
46.60 190.40
47.10 190.40
47.60 190.40
48.10 190.40
48.60 190.40
49.10 190.40
49.60 190.40
50.10 190.40
50.60 190.40
51.10 190.40
51.60 190.40
52.10 190.40
52.60 187.88
53.10 187.88
53.60 187.88
54.10 187.88
54.60 187.88
55.10 187.88
55.60 187.88
56.10 187.88
56.60 187.88
57.10 187.88
57.60 187.88
58.10 187.88
58.60 187.88
59.10 187.88
59.60 187.88
60.10 187.88
60.60 187.88
61.10 187.88
61.60 187.88
62.10 187.88
62.60 187.88
63.10 187.88
63.60 187.88
64.10 187.88
64.60 187.88
65.10 187.88
65.60 187.88
66.10 187.88
66.60 187.88
67.10 187.88
67.60 187.88
68.10 187.88
68.60 187.88
69.10 187.88
69.60 187.88
70.10 187.88
70.60 187.88
71.10 187.88
71.60 187.88
72.10 187.88
72.60 187.88
73.10 187.88
73.60 187.88
74.10 187.88
74.60 187.88
75.10 187.88
75.60 187.88
76.10 187.88
76.60 187.88
77.10 187.88
77.60 187.88
78.10 187.88
78.60 187.88
79.10 187.88
79.60 187.88
80.10 187.88
80.60 187.88
81.10 187.88
81.60 187.88
82.10 187.88
82.60 187.88
83.10 187.88
83.60 187.88
84.10 187.88
84.60 187.88
85.10 187.88
85.60 187.88
86.10 187.88
86.60 187.88
87.10 187.88
87.60 187.88
88.10 187.88
88.60 187.88
89.10 187.88
89.60 187.88
90.10 187.88
90.60 187.88
91.10 187.88
91.60 187.88
92.10 187.88
92.60 187.88
93.10 187.88
93.60 187.88
94.10 187.88
94.60 187.88
95.10 187.88
95.60 187.88
96.10 187.88
96.60 187.88
97.10 187.88
97.60 187.88
98.10 187.88
98.60 187.88
99.10 187.88
99.60 187.88
100.10 187.88
