0.60000000 0.980834
0.70000000 0.909612
0.80000000 0.836909
0.90000000 0.759505
1.00000000 0.696469
1.10000000 0.652306
1.20000000 0.62159
1.30000000 0.599599
1.40000000 0.583285
1.50000000 0.570802
1.60000000 0.561062
1.70000000 0.553257
1.80000000 0.546885
1.90000000 0.541643
2.00000000 0.537271
2.10000000 0.533541
2.20000000 0.530346
2.30000000 0.527617
2.40000000 0.525255
2.50000000 0.523218
2.60000000 0.521397
2.70000000 0.519734
2.80000000 0.518364
2.90000000 0.517015
3.00000000 0.515935
3.10000000 0.514887
3.20000000 0.513927
3.30000000 0.513129
3.40000000 0.512349
3.50000000 0.51157
3.60000000 0.510981
3.70000000 0.510428
3.80000000 0.509889
3.90000000 0.509347
4.00000000 0.508824
4.10000000 0.508436
4.20000000 0.508077
4.30000000 0.507738
4.40000000 0.50741
4.50000000 0.507084
4.60000000 0.506751
4.70000000 0.506401
4.80000000 0.506102
4.90000000 0.505874
5.00000000 0.505668
5.10000000 0.505481
5.20000000 0.505308
5.30000000 0.505145
5.40000000 0.504991
5.50000000 0.504842
5.60000000 0.504696
5.70000000 0.50455
5.80000000 0.504402
5.90000000 0.504248
6.00000000 0.504086
