0.40000000 0.588879
0.50000000 0.558789
0.60000000 0.541091
0.70000000 0.530244
0.80000000 0.523202
0.90000000 0.518371
1.00000000 0.514901
1.10000000 0.512351
1.20000000 0.510424
1.30000000 0.50885
1.40000000 0.50772
1.50000000 0.506714
1.60000000 0.505914
1.70000000 0.505312
1.80000000 0.504773
1.90000000 0.504282
2.00000000 0.503822
2.10000000 0.503456
2.20000000 0.503216
2.30000000 0.503004
2.40000000 0.502814
2.50000000 0.502643
2.60000000 0.502489
2.70000000 0.502348
2.80000000 0.502218
2.90000000 0.502099
3.00000000 0.501987
3.10000000 0.501882
3.20000000 0.501783
3.30000000 0.501688
3.40000000 0.501596
3.50000000 0.501507
3.60000000 0.501418
3.70000000 0.50133
3.80000000 0.501241
3.90000000 0.501149
4.00000000 0.501053
4.10000000 0.500952
4.20000000 0.500878
4.30000000 0.500861
4.40000000 0.500847
4.50000000 0.500834
4.60000000 0.500823
4.70000000 0.500813
4.80000000 0.500805
4.90000000 0.500798
5.00000000 0.500792
5.10000000 0.500787
5.20000000 0.500783
5.30000000 0.50078
5.40000000 0.500777
5.50000000 0.500776
5.60000000 0.500775
5.70000000 0.500774
5.80000000 0.500774
5.90000000 0.500775
6.00000000 0.500775
6.10000000 0.500777
6.20000000 0.500778
6.30000000 0.50078
6.40000000 0.500782
6.50000000 0.500784
6.60000000 0.500787
6.70000000 0.500789
6.80000000 0.500792
6.90000000 0.500795
7.00000000 0.500798
7.10000000 0.500801
7.20000000 0.500804
7.30000000 0.500807
7.40000000 0.50081
7.50000000 0.500813
7.60000000 0.500816
7.70000000 0.500819
7.80000000 0.500822
7.90000000 0.500825
8.00000000 0.500827
8.10000000 0.50083
8.20000000 0.500833
8.30000000 0.500836
8.40000000 0.500838
8.50000000 0.500841
8.60000000 0.500843
8.70000000 0.500845
8.80000000 0.500848
8.90000000 0.50085
9.00000000 0.500852
9.10000000 0.500854
9.20000000 0.500856
9.30000000 0.500858
9.40000000 0.50086
9.50000000 0.500861
9.60000000 0.500863
9.70000000 0.500865
9.80000000 0.500866
9.90000000 0.500867
10.00000000 0.500869
