0.40000000 0.971973
0.50000000 0.780601
0.60000000 0.712682
0.70000000 0.707399
0.80000000 0.712049
0.90000000 0.716479
1.00000000 0.714848
1.10000000 0.697458
1.20000000 0.662076
1.30000000 0.626633
1.40000000 0.599463
1.50000000 0.579629
1.60000000 0.564972
1.70000000 0.553999
1.80000000 0.545568
1.90000000 0.538876
2.00000000 0.533585
2.10000000 0.529351
2.20000000 0.525795
2.30000000 0.522826
2.40000000 0.520406
2.50000000 0.518376
2.60000000 0.516523
2.70000000 0.515015
2.80000000 0.513702
2.90000000 0.512576
3.00000000 0.511421
3.10000000 0.510707
3.20000000 0.509896
3.30000000 0.508929
3.40000000 0.508504
3.50000000 0.508057
3.60000000 0.507572
3.70000000 0.507026
3.80000000 0.506381
3.90000000 0.506076
4.00000000 0.505865
4.10000000 0.505654
4.20000000 0.505439
4.30000000 0.505217
4.40000000 0.504983
4.50000000 0.504731
4.60000000 0.504451
4.70000000 0.504132
4.80000000 0.503754
4.90000000 0.503529
5.00000000 0.503466
5.10000000 0.503407
5.20000000 0.503351
5.30000000 0.503299
5.40000000 0.50325
5.50000000 0.503205
5.60000000 0.503162
5.70000000 0.503122
5.80000000 0.503084
5.90000000 0.503049
6.00000000 0.503016
