0.40000000 0.557839
0.50000000 0.533848
0.60000000 0.50197
0.70000000 0.484921
0.80000000 0.476491
0.90000000 0.472114
1.00000000 0.469714
1.10000000 0.468308
1.20000000 0.467569
1.30000000 0.467103
1.40000000 0.466813
1.50000000 0.466632
1.60000000 0.466521
1.70000000 0.466454
1.80000000 0.466414
1.90000000 0.466392
2.00000000 0.46638
2.10000000 0.466375
2.20000000 0.466374
2.30000000 0.466376
2.40000000 0.46638
2.50000000 0.466385
2.60000000 0.46639
2.70000000 0.466397
2.80000000 0.466403
2.90000000 0.46641
3.00000000 0.466417
3.10000000 0.466424
3.20000000 0.466431
3.30000000 0.466438
3.40000000 0.466446
3.50000000 0.466453
3.60000000 0.466461
3.70000000 0.466469
3.80000000 0.466477
3.90000000 0.466484
4.00000000 0.466493
4.10000000 0.466501
4.20000000 0.466509
4.30000000 0.466517
4.40000000 0.466526
4.50000000 0.466535
4.60000000 0.466543
4.70000000 0.466552
4.80000000 0.466561
4.90000000 0.46657
5.00000000 0.466579
5.10000000 0.466588
5.20000000 0.466598
5.30000000 0.466607
5.40000000 0.466617
5.50000000 0.466626
5.60000000 0.466636
5.70000000 0.466646
5.80000000 0.466656
5.90000000 0.466666
6.00000000 0.466676
6.10000000 0.466687
6.20000000 0.466697
6.30000000 0.466707
6.40000000 0.466718
6.50000000 0.466729
6.60000000 0.466739
6.70000000 0.46675
6.80000000 0.466761
6.90000000 0.466772
7.00000000 0.466784
7.10000000 0.466795
7.20000000 0.466806
7.30000000 0.466818
7.40000000 0.466829
7.50000000 0.466841
7.60000000 0.466853
7.70000000 0.466864
7.80000000 0.466876
7.90000000 0.466888
8.00000000 0.4669
8.10000000 0.466912
8.20000000 0.466925
8.30000000 0.466937
8.40000000 0.466949
8.50000000 0.466962
8.60000000 0.466974
8.70000000 0.466987
8.80000000 0.467
8.90000000 0.467012
9.00000000 0.467025
9.10000000 0.467038
9.20000000 0.467051
9.30000000 0.467064
9.40000000 0.467077
9.50000000 0.46709
9.60000000 0.467103
9.70000000 0.467116
9.80000000 0.467129
9.90000000 0.467143
10.00000000 0.467156
