0.27094241 2084.04745407
0.28170828 2038.14603045
0.29247415 1976.94413228
0.30324002 1946.34318320
0.31400590 1900.44175958
0.32477177 1869.84081050
0.33553764 1839.23986142
0.34630351 1823.93938688
0.35706938 1793.33843779
0.36783525 1778.03796325
0.37860112 1762.73748871
0.38936699 1747.43701417
0.40013287 1716.83606509
0.41089874 1716.83606509
0.42166461 1701.53559055
0.43243048 1686.23511601
0.44319635 1670.93464147
0.45396222 1655.63416693
0.46472809 1655.63416693
0.47549396 1640.33369239
0.48625984 1640.33369239
0.49702571 1625.03321785
0.50779158 1625.03321785
0.51855745 1609.73274331
0.52932332 1609.73274331
0.54008919 1594.43226877
0.55085506 1594.43226877
0.56162094 1594.43226877
0.57238681 1579.13179423
0.58315268 1579.13179423
0.59391855 1579.13179423
0.60468442 1563.83131968
0.61545029 1563.83131968
0.62621616 1563.83131968
0.63698203 1563.83131968
0.64774791 1563.83131968
0.65851378 1548.53084514
0.66927965 1548.53084514
0.68004552 1548.53084514
0.69081139 1548.53084514
0.70157726 1533.23037060
0.71234313 1533.23037060
0.72310900 1533.23037060
0.73387488 1533.23037060
0.74464075 1533.23037060
0.75540662 1517.92989606
0.76617249 1517.92989606
0.77693836 1517.92989606
0.78770423 1517.92989606
0.79847010 1502.62942152
0.80923598 1502.62942152
0.82000185 1502.62942152
0.83076772 1487.32894698
0.84153359 1487.32894698
0.85229946 1487.32894698
0.86306533 1472.02847244
0.87383120 1472.02847244
0.88459707 1456.72799790
0.89536295 1456.72799790
0.90612882 1441.42752336
0.91689469 1441.42752336
0.92766056 1426.12704882
0.93842643 1410.82657428
0.94919230 1410.82657428
0.95995817 1395.52609974
0.97072404 1380.22562520
0.98148992 1364.92515066
0.99225579 1364.92515066
1.00302166 1349.62467611
1.01378753 1334.32420157
1.02455340 1319.02372703
1.03531927 1303.72325249
1.04608514 1288.42277795
1.05685102 1273.12230341
1.06761689 1257.82182887
1.07838276 1242.52135433
1.08914863 1227.22087979
1.09991450 1211.92040525
1.11068037 1196.61993071
1.12144624 1181.31945617
1.13221211 1166.01898163
1.14297799 1150.71850709
1.15374386 1150.71850709
1.16450973 1135.41803255
1.17527560 1120.11755800
1.18604147 1104.81708346
1.19680734 1089.51660892
1.20757321 1089.51660892
1.21833908 1074.21613438
1.22910496 1058.91565984
1.23987083 1058.91565984
1.25063670 1043.61518530
1.26140257 1028.31471076
1.27216844 1028.31471076
1.28293431 1013.01423622
1.29370018 1013.01423622
1.30446606 997.71376168
1.31523193 982.41328714
1.32599780 982.41328714
1.33676367 967.11281260
1.34752954 967.11281260
1.35829541 967.11281260
1.36906128 951.81233806
1.37982715 951.81233806
1.39059303 936.51186352
1.40135890 936.51186352
1.41212477 936.51186352
1.42289064 921.21138898
1.43365651 921.21138898
1.44442238 905.91091444
1.45518825 905.91091444
1.46595413 905.91091444
1.47672000 905.91091444
1.48748587 890.61043989
1.49825174 890.61043989
1.50901761 890.61043989
1.51978348 875.30996535
1.53054935 875.30996535
1.54131522 875.30996535
1.55208110 875.30996535
1.56284697 860.00949081
1.57361284 860.00949081
1.58437871 860.00949081
1.59514458 860.00949081
1.60591045 860.00949081
1.61667632 844.70901627
1.62744219 844.70901627
1.63820807 844.70901627
1.64897394 844.70901627
1.65973981 844.70901627
1.67050568 829.40854173
1.68127155 829.40854173
1.69203742 829.40854173
1.70280329 829.40854173
1.71356917 829.40854173
1.72433504 829.40854173
1.73510091 829.40854173
1.74586678 814.10806719
1.75663265 814.10806719
1.76739852 814.10806719
1.77816439 814.10806719
1.78893026 814.10806719
1.79969614 814.10806719
1.81046201 814.10806719
1.82122788 814.10806719
1.83199375 798.80759265
1.84275962 798.80759265
1.85352549 798.80759265
1.86429136 798.80759265
1.87505723 798.80759265
1.88582311 798.80759265
1.89658898 798.80759265
1.90735485 798.80759265
1.91812072 798.80759265
1.92888659 798.80759265
1.93965246 783.50711811
1.95041833 783.50711811
1.96118421 783.50711811
1.97195008 783.50711811
1.98271595 783.50711811
1.99348182 783.50711811
2.00424769 783.50711811
2.01501356 783.50711811
2.02577943 783.50711811
2.03654530 783.50711811
2.04731118 783.50711811
2.05807705 783.50711811
2.06884292 783.50711811
2.07960879 783.50711811
2.09037466 768.20664357
2.10114053 768.20664357
2.11190640 768.20664357
2.12267227 768.20664357
2.13343815 768.20664357
2.14420402 768.20664357
2.15496989 768.20664357
2.16573576 768.20664357
2.17650163 768.20664357
2.18726750 768.20664357
2.19803337 768.20664357
2.20879925 768.20664357
2.21956512 768.20664357
2.23033099 768.20664357
2.24109686 768.20664357
2.25186273 752.90616903
2.26262860 752.90616903
2.27339447 752.90616903
2.28416034 752.90616903
2.29492622 752.90616903
2.30569209 752.90616903
2.31645796 752.90616903
2.32722383 752.90616903
2.33798970 752.90616903
2.34875557 752.90616903
2.35952144 752.90616903
2.37028731 752.90616903
2.38105319 752.90616903
2.39181906 752.90616903
2.40258493 752.90616903
2.41335080 752.90616903
