0.30324002 3598.79443359
0.31400590 3598.79443359
0.32477177 3583.49395905
0.33553764 3568.19348451
0.34630351 3552.89300997
0.35706938 3537.59253543
0.36783525 3522.29206089
0.37860112 3506.99158635
0.38936699 3491.69111181
0.40013287 3476.39063727
0.41089874 3461.09016273
0.42166461 3445.78968819
0.43243048 3415.18873911
0.44319635 3399.88826457
0.45396222 3384.58779002
0.46472809 3369.28731548
0.47549396 3338.68636640
0.48625984 3323.38589186
0.49702571 3292.78494278
0.50779158 3262.18399370
0.51855745 3231.58304462
0.52932332 3185.68162100
0.54008919 3139.78019737
0.55085506 3093.87877375
0.56162094 3032.67687559
0.57238681 2986.77545197
0.58315268 2925.57355380
0.59391855 2879.67213018
0.60468442 2833.77070656
0.61545029 2787.86928294
0.62621616 2741.96785932
0.63698203 2711.36691023
0.64774791 2665.46548661
0.65851378 2634.86453753
0.66927965 2604.26358845
0.68004552 2573.66263937
0.69081139 2543.06169029
0.70157726 2527.76121575
0.71234313 2497.16026667
0.72310900 2481.85979212
0.73387488 2451.25884304
0.74464075 2435.95836850
0.75540662 2420.65789396
0.76617249 2405.35741942
0.77693836 2390.05694488
0.78770423 2374.75647034
0.79847010 2359.45599580
0.80923598 2359.45599580
0.82000185 2344.15552126
0.83076772 2328.85504672
0.84153359 2328.85504672
0.85229946 2313.55457218
0.86306533 2313.55457218
0.87383120 2298.25409764
0.88459707 2298.25409764
0.89536295 2282.95362310
0.90612882 2282.95362310
0.91689469 2267.65314856
0.92766056 2267.65314856
0.93842643 2267.65314856
0.94919230 2252.35267401
0.95995817 2252.35267401
0.97072404 2237.05219947
0.98148992 2237.05219947
0.99225579 2237.05219947
1.00302166 2221.75172493
1.01378753 2221.75172493
1.02455340 2206.45125039
1.03531927 2206.45125039
1.04608514 2206.45125039
1.05685102 2191.15077585
1.06761689 2191.15077585
1.07838276 2175.85030131
1.08914863 2175.85030131
1.09991450 2160.54982677
1.11068037 2160.54982677
1.12144624 2145.24935223
1.13221211 2145.24935223
1.14297799 2129.94887769
1.15374386 2129.94887769
1.16450973 2114.64840315
1.17527560 2099.34792861
1.18604147 2099.34792861
1.19680734 2084.04745407
1.20757321 2068.74697953
1.21833908 2068.74697953
1.22910496 2053.44650499
1.23987083 2038.14603045
1.25063670 2038.14603045
1.26140257 2022.84555590
1.27216844 2022.84555590
1.28293431 2007.54508136
1.29370018 1992.24460682
1.30446606 1992.24460682
1.31523193 1976.94413228
1.32599780 1976.94413228
1.33676367 1961.64365774
1.34752954 1961.64365774
1.35829541 1946.34318320
1.36906128 1946.34318320
1.37982715 1931.04270866
1.39059303 1931.04270866
1.40135890 1915.74223412
1.41212477 1915.74223412
1.42289064 1900.44175958
1.43365651 1900.44175958
1.44442238 1900.44175958
1.45518825 1885.14128504
1.46595413 1885.14128504
1.47672000 1885.14128504
1.48748587 1869.84081050
1.49825174 1869.84081050
1.50901761 1869.84081050
1.51978348 1854.54033596
1.53054935 1854.54033596
1.54131522 1854.54033596
1.55208110 1839.23986142
1.56284697 1839.23986142
1.57361284 1839.23986142
1.58437871 1823.93938688
1.59514458 1823.93938688
1.60591045 1823.93938688
1.61667632 1823.93938688
1.62744219 1808.63891234
1.63820807 1808.63891234
1.64897394 1808.63891234
1.65973981 1808.63891234
1.67050568 1808.63891234
1.68127155 1793.33843779
1.69203742 1793.33843779
1.70280329 1793.33843779
1.71356917 1793.33843779
1.72433504 1778.03796325
1.73510091 1778.03796325
1.74586678 1778.03796325
1.75663265 1778.03796325
1.76739852 1762.73748871
1.77816439 1762.73748871
1.78893026 1762.73748871
1.79969614 1747.43701417
1.81046201 1747.43701417
1.82122788 1747.43701417
1.83199375 1732.13653963
1.84275962 1732.13653963
1.85352549 1732.13653963
1.86429136 1716.83606509
1.87505723 1716.83606509
1.88582311 1701.53559055
1.89658898 1701.53559055
1.90735485 1686.23511601
1.91812072 1686.23511601
1.92888659 1670.93464147
1.93965246 1670.93464147
1.95041833 1655.63416693
1.96118421 1655.63416693
1.97195008 1640.33369239
1.98271595 1625.03321785
1.99348182 1625.03321785
2.00424769 1609.73274331
2.01501356 1609.73274331
2.02577943 1594.43226877
2.03654530 1579.13179423
2.04731118 1579.13179423
2.05807705 1563.83131968
2.06884292 1563.83131968
2.07960879 1548.53084514
2.09037466 1533.23037060
2.10114053 1533.23037060
2.11190640 1517.92989606
2.12267227 1517.92989606
2.13343815 1502.62942152
2.14420402 1502.62942152
2.15496989 1487.32894698
2.16573576 1487.32894698
2.17650163 1472.02847244
2.18726750 1472.02847244
2.19803337 1472.02847244
2.20879925 1456.72799790
2.21956512 1456.72799790
2.23033099 1441.42752336
2.24109686 1441.42752336
2.25186273 1441.42752336
2.26262860 1426.12704882
2.27339447 1426.12704882
2.28416034 1426.12704882
2.29492622 1410.82657428
2.30569209 1410.82657428
2.31645796 1410.82657428
2.32722383 1395.52609974
2.33798970 1395.52609974
2.34875557 1395.52609974
2.35952144 1380.22562520
2.37028731 1380.22562520
2.38105319 1380.22562520
2.39181906 1380.22562520
2.40258493 1364.92515066
2.41335080 1364.92515066
