0.27094241 3308.08541732
0.28170828 3246.88351916
0.29247415 3200.98209554
0.30324002 3170.38114645
0.31400590 3124.47972283
0.32477177 3093.87877375
0.33553764 3063.27782467
0.34630351 3032.67687559
0.35706938 3017.37640105
0.36783525 2986.77545197
0.37860112 2956.17450289
0.38936699 2925.57355380
0.40013287 2910.27307926
0.41089874 2879.67213018
0.42166461 2864.37165564
0.43243048 2833.77070656
0.44319635 2818.47023202
0.45396222 2787.86928294
0.46472809 2757.26833386
0.47549396 2741.96785932
0.48625984 2711.36691023
0.49702571 2696.06643569
0.50779158 2680.76596115
0.51855745 2650.16501207
0.52932332 2634.86453753
0.54008919 2604.26358845
0.55085506 2588.96311391
0.56162094 2573.66263937
0.57238681 2543.06169029
0.58315268 2527.76121575
0.59391855 2512.46074121
0.60468442 2497.16026667
0.61545029 2481.85979212
0.62621616 2451.25884304
0.63698203 2435.95836850
0.64774791 2420.65789396
0.65851378 2405.35741942
0.66927965 2390.05694488
0.68004552 2374.75647034
0.69081139 2359.45599580
0.70157726 2344.15552126
0.71234313 2328.85504672
0.72310900 2313.55457218
0.73387488 2298.25409764
0.74464075 2282.95362310
0.75540662 2267.65314856
0.76617249 2252.35267401
0.77693836 2237.05219947
0.78770423 2221.75172493
0.79847010 2206.45125039
0.80923598 2175.85030131
0.82000185 2160.54982677
0.83076772 2145.24935223
0.84153359 2129.94887769
0.85229946 2114.64840315
0.86306533 2084.04745407
0.87383120 2068.74697953
0.88459707 2053.44650499
0.89536295 2038.14603045
0.90612882 2022.84555590
0.91689469 2007.54508136
0.92766056 1992.24460682
0.93842643 1961.64365774
0.94919230 1946.34318320
0.95995817 1931.04270866
0.97072404 1915.74223412
0.98148992 1900.44175958
0.99225579 1900.44175958
1.00302166 1885.14128504
1.01378753 1869.84081050
1.02455340 1854.54033596
1.03531927 1839.23986142
1.04608514 1823.93938688
1.05685102 1823.93938688
1.06761689 1808.63891234
1.07838276 1808.63891234
1.08914863 1793.33843779
1.09991450 1778.03796325
1.11068037 1778.03796325
1.12144624 1762.73748871
1.13221211 1762.73748871
1.14297799 1762.73748871
1.15374386 1747.43701417
1.16450973 1747.43701417
1.17527560 1732.13653963
1.18604147 1732.13653963
1.19680734 1732.13653963
1.20757321 1732.13653963
1.21833908 1716.83606509
1.22910496 1716.83606509
1.23987083 1716.83606509
1.25063670 1716.83606509
1.26140257 1701.53559055
1.27216844 1701.53559055
1.28293431 1701.53559055
1.29370018 1701.53559055
1.30446606 1686.23511601
1.31523193 1686.23511601
1.32599780 1686.23511601
1.33676367 1686.23511601
1.34752954 1686.23511601
1.35829541 1670.93464147
1.36906128 1670.93464147
1.37982715 1670.93464147
1.39059303 1670.93464147
1.40135890 1670.93464147
1.41212477 1655.63416693
1.42289064 1655.63416693
1.43365651 1655.63416693
1.44442238 1655.63416693
1.45518825 1655.63416693
1.46595413 1640.33369239
1.47672000 1640.33369239
1.48748587 1640.33369239
1.49825174 1640.33369239
1.50901761 1625.03321785
1.51978348 1625.03321785
1.53054935 1625.03321785
1.54131522 1625.03321785
1.55208110 1609.73274331
1.56284697 1609.73274331
1.57361284 1609.73274331
1.58437871 1609.73274331
1.59514458 1594.43226877
1.60591045 1594.43226877
1.61667632 1594.43226877
1.62744219 1594.43226877
1.63820807 1579.13179423
1.64897394 1579.13179423
1.65973981 1579.13179423
1.67050568 1579.13179423
1.68127155 1563.83131968
1.69203742 1563.83131968
1.70280329 1563.83131968
1.71356917 1548.53084514
1.72433504 1548.53084514
1.73510091 1548.53084514
1.74586678 1548.53084514
1.75663265 1533.23037060
1.76739852 1533.23037060
1.77816439 1533.23037060
1.78893026 1517.92989606
1.79969614 1517.92989606
1.81046201 1517.92989606
1.82122788 1502.62942152
1.83199375 1502.62942152
1.84275962 1502.62942152
1.85352549 1502.62942152
1.86429136 1487.32894698
1.87505723 1487.32894698
1.88582311 1487.32894698
1.89658898 1472.02847244
1.90735485 1472.02847244
1.91812072 1472.02847244
1.92888659 1456.72799790
1.93965246 1456.72799790
1.95041833 1456.72799790
1.96118421 1456.72799790
1.97195008 1441.42752336
1.98271595 1441.42752336
1.99348182 1441.42752336
2.00424769 1426.12704882
2.01501356 1426.12704882
2.02577943 1426.12704882
2.03654530 1426.12704882
2.04731118 1410.82657428
2.05807705 1410.82657428
2.06884292 1410.82657428
2.07960879 1410.82657428
2.09037466 1395.52609974
2.10114053 1395.52609974
2.11190640 1395.52609974
2.12267227 1380.22562520
2.13343815 1380.22562520
2.14420402 1380.22562520
2.15496989 1380.22562520
2.16573576 1364.92515066
2.17650163 1364.92515066
2.18726750 1364.92515066
2.19803337 1364.92515066
2.20879925 1349.62467611
2.21956512 1349.62467611
2.23033099 1349.62467611
2.24109686 1349.62467611
2.25186273 1334.32420157
2.26262860 1334.32420157
2.27339447 1334.32420157
2.28416034 1334.32420157
2.29492622 1319.02372703
2.30569209 1319.02372703
2.31645796 1319.02372703
2.32722383 1319.02372703
2.33798970 1303.72325249
2.34875557 1303.72325249
2.35952144 1303.72325249
2.37028731 1303.72325249
2.38105319 1288.42277795
2.39181906 1288.42277795
2.40258493 1288.42277795
2.41335080 1288.42277795
