   2.7094241e-01   2.0804239e+03
   3.7460733e-01   1.7437656e+03
   4.2989529e-01   1.6876559e+03
   4.9209424e-01   1.6315461e+03
   5.6120419e-01   1.5941397e+03
   9.2748691e-01   1.3697007e+03
   1.0311518e+00   1.3322943e+03
   1.0657068e+00   1.2574813e+03
   1.1209948e+00   1.2200748e+03
   1.1831937e+00   1.1265586e+03
   1.2384817e+00   1.0517456e+03
   1.2937696e+00   1.0143392e+03
   1.3559686e+00   9.7693267e+02
   1.4319895e+00   9.0211970e+02
   1.5010995e+00   8.8341646e+02
   1.5632984e+00   8.4600998e+02
   1.6254974e+00   8.0860349e+02
   1.6946073e+00   8.0860349e+02
   1.7429843e+00   7.8990025e+02
   1.7982723e+00   7.5249377e+02
   1.8328272e+00   7.5249377e+02
   1.9917801e+00   7.8990025e+02
   2.0608901e+00   7.8990025e+02
   2.1161780e+00   7.7119701e+02
   2.1576440e+00   7.7119701e+02
   2.2267539e+00   7.5249377e+02
   2.2751309e+00   7.5249377e+02
   2.3027749e+00   7.5249377e+02
   2.3511518e+00   7.5249377e+02
